6.03724e-07
1.20745e-06
1.20745e-06
1.20745e-06
1.81117e-06
1.81117e-06
1.81117e-06
1.20745e-06
6.03724e-07
6.03724e-07
6.03724e-07
6.03724e-07
6.03724e-07
6.03724e-07
0
0
0
6.03724e-07
1.20745e-06
6.03724e-07
6.03724e-07
0
6.03724e-07
0
0
0
0
6.03724e-07
0
0
6.03724e-07
6.03724e-07
0
6.03724e-07
6.03724e-07
0
6.03724e-07
6.03724e-07
6.03724e-07
0
6.03724e-07
6.03724e-07
6.03724e-07
1.20745e-06
6.03724e-07
6.03724e-07
6.03724e-07
6.03724e-07
6.03724e-07
0
0
6.03724e-07
6.03724e-07
6.03724e-07
6.03724e-07
0
1.20745e-06
0
6.03724e-07
0
6.03724e-07
6.03724e-07
6.03724e-07
0
0
0
6.03724e-07
1.20745e-06
6.03724e-07
0
6.03724e-07
0
6.03724e-07
0
6.03724e-07
6.03724e-07
0
6.03724e-07
6.03724e-07
6.03724e-07
6.03724e-07
6.03724e-07
6.03724e-07
0
0
6.03724e-07
6.03724e-07
6.03724e-07
6.03724e-07
6.03724e-07
6.03724e-07
6.03724e-07
6.03724e-07
6.03724e-07
6.03724e-07
6.03724e-07
0
6.03724e-07
1.20745e-06
0
1.20745e-06
1.20745e-06
1.20745e-06
1.20745e-06
1.81117e-06
1.81117e-06
1.81117e-06
1.20745e-06
2.41489e-06
1.81117e-06
1.81117e-06
1.81117e-06
1.20745e-06
1.81117e-06
1.20745e-06
1.20745e-06
1.20745e-06
1.20745e-06
1.81117e-06
2.41489e-06
1.20745e-06
1.81117e-06
1.20745e-06
1.20745e-06
6.03724e-07
1.81117e-06
1.20745e-06
1.20745e-06
1.20745e-06
1.81117e-06
1.20745e-06
1.20745e-06
6.03724e-07
1.20745e-06
6.03724e-07
6.03724e-07
6.03724e-07
6.03724e-07
0
6.03724e-07
6.03724e-07
6.03724e-07
6.03724e-07
1.20745e-06
6.03724e-07
6.03724e-07
6.03724e-07
6.03724e-07
6.03724e-07
6.03724e-07
6.03724e-07
6.03724e-07
6.03724e-07
6.03724e-07
1.81117e-06
6.03724e-07
6.03724e-07
6.03724e-07
6.03724e-07
1.20745e-06
6.03724e-07
6.03724e-07
6.03724e-07
6.03724e-07
6.03724e-07
1.20745e-06
1.20745e-06
1.20745e-06
6.03724e-07
6.03724e-07
6.03724e-07
6.03724e-07
4.82979e-06
6.03724e-07
4.82979e-06
0
6.03724e-07
1.20745e-06
1.20745e-06
6.03724e-07
6.03724e-07
6.03724e-07
6.03724e-07
0
6.03724e-07
6.03724e-07
1.20745e-06
6.03724e-07
1.20745e-06
1.20745e-06
1.20745e-06
6.03724e-07
5.43351e-06
6.03724e-07
6.03724e-07
6.03724e-07
1.20745e-06
6.03724e-07
6.03724e-07
6.03724e-07
